The train result for S:
[[0.56601393 0.5652052  0.56585324 0.5663559  0.56667525 0.56694907
  0.56729084 0.5677256  0.56823087 0.56878024 0.56935763 0.5699552
  0.5705686  0.571194   0.57182676 0.57246184 0.57309395 0.57371813
  0.57433045 0.57492787 0.5755083  0.5760702  0.57661295 0.5771367
  0.57764155 0.5781279  0.5785964  0.57904774 0.57948256 0.57990134
  0.580305   0.5806937  0.5810683  0.5814289  0.58177626 0.58211046
  0.5824321  0.58274144 0.58303887 0.58332455 0.58359903 0.5838624
  0.58411527 0.58435786 0.58459044 0.58481354 0.5850273  0.5852322
  0.58542854 0.58561677 0.5857971  0.5859699  0.5861356  0.5862946
  0.586447   0.5865933  0.58673364 0.58686846 0.586998   0.5871225
  0.5872424  0.58735776 0.5874689  0.58757603 0.58767945 0.58777916
  0.5878757  0.58796895 0.58805925 0.58814675]]

The train result for I:
[[9.51886177e-05 9.35494900e-05 9.31322575e-05 9.29236412e-05
  9.28938389e-05 9.28938389e-05 9.29534435e-05 9.29534435e-05
  9.29832458e-05 9.31322575e-05 9.34004784e-05 9.36985016e-05
  9.43243504e-05 9.53674316e-05 9.70363617e-05 9.99569893e-05
  1.05291605e-04 1.14411116e-04 1.30027533e-04 1.55150890e-04
  1.92672014e-04 2.43008137e-04 3.03447247e-04 3.68356705e-04
  4.32312489e-04 4.91261482e-04 5.43504953e-04 5.89072704e-04
  6.28501177e-04 6.62803650e-04 6.92963600e-04 7.19755888e-04
  7.43657351e-04 7.65472651e-04 7.85380602e-04 8.03828239e-04
  8.21024179e-04 8.37057829e-04 8.52078199e-04 8.66264105e-04
  8.79794359e-04 8.92490149e-04 9.04560089e-04 9.16093588e-04
  9.26971436e-04 9.37283039e-04 9.47207212e-04 9.56594944e-04
  9.65535641e-04 9.74029303e-04 9.82135534e-04 9.89764929e-04
  9.97155905e-04 1.00415945e-03 1.01071596e-03 1.01709366e-03
  1.02308393e-03 1.02871656e-03 1.03417039e-03 1.03929639e-03
  1.04412436e-03 1.04877353e-03 1.05321407e-03 1.05729699e-03
  1.06135290e-03 1.06511230e-03 1.06867880e-03 1.07206113e-03
  1.07526977e-03 1.07831170e-03]]

The train result for R:
[[0.43394977 0.43471798 0.43401033 0.43351966 0.43319649 0.43290272
  0.43256724 0.43215227 0.43166167 0.43111634 0.43053645 0.42993528
  0.4293205  0.42869607 0.4280643  0.42742735 0.42678776 0.42614827
  0.42551214 0.4248823  0.42426205 0.423654   0.42306048 0.42248338
  0.4219241  0.42138362 0.42086262 0.42036128 0.41987967 0.41941762
  0.41897464 0.41855028 0.4181441  0.41775516 0.417383   0.41702688
  0.416686   0.41635978 0.41604745 0.41574842 0.41546196 0.41518757
  0.41492462 0.4146725  0.41443083 0.41419896 0.41397655 0.4137631
  0.41355827 0.41336152 0.41317263 0.41299114 0.41281682 0.41264933
  0.41248834 0.41233367 0.4121849  0.41204196 0.4119044  0.41177216
  0.41164503 0.4115228  0.4114052  0.41129202 0.4111833  0.4110787
  0.41097805 0.41088122 0.41078812 0.41069853]]


