The train result for S:
[[0.43917182 0.43934765 0.4390741  0.4385453  0.43835694 0.43827763
  0.43800798 0.4375077  0.43689016 0.4362768  0.43573654 0.43528637
  0.43491188 0.43458742 0.43428677 0.43398955 0.4336812  0.4333534
  0.43300185 0.4326254  0.43222535 0.43180394 0.43136433 0.43090963
  0.43044317 0.42996812 0.42948738 0.42900318 0.42851764 0.42803255
  0.42754924 0.4270689  0.42659223 0.4261199  0.42565238 0.42518973
  0.42473233 0.42427993 0.42383286 0.4233907  0.4229536  0.42252123
  0.4220935  0.42167053 0.42125165 0.4208372  0.42042682 0.4200205
  0.41961813 0.41921955 0.41882476 0.41843364 0.41804618 0.41766238
  0.41728216 0.41690555 0.41653243 0.41616297 0.41579697 0.41543466
  0.41507575 0.41472054 0.41436893 0.414021   0.41367656 0.41333586
  0.41299877 0.4126655  0.41233575 0.4120098 ]]

The train result for I:
[[0.00012359 0.0001221  0.0001218  0.00012165 0.00012165 0.00012174
  0.00012177 0.00012189 0.00012204 0.00012222 0.00012255 0.00012293
  0.00012371 0.0001249  0.00012669 0.00012988 0.00013533 0.00014487
  0.00016117 0.00018719 0.00022498 0.00027302 0.0003272  0.00038221
  0.0004347  0.00048319 0.0005275  0.00056794 0.00060511 0.0006392
  0.00067082 0.0007     0.00072718 0.00075239 0.00077593 0.00079769
  0.00081801 0.00083688 0.00085458 0.00087088 0.00088611 0.00090042
  0.00091359 0.0009259  0.00093743 0.00094801 0.00095794 0.00096709
  0.00097573 0.00098366 0.00099117 0.00099808 0.00100443 0.00101033
  0.0010159  0.00102103 0.00102586 0.00103018 0.00103435 0.00103813
  0.00104168 0.00104496 0.00104785 0.00105071 0.0010533  0.00105566
  0.00105784 0.00105984 0.00106168 0.00106337]]

The train result for R:
[[0.5606957  0.56053376 0.5607794  0.5613165  0.5614713  0.5615616
  0.5618462  0.56233454 0.5629289  0.5635296  0.56407446 0.5645405
  0.5649317  0.5652662  0.5655659  0.56585115 0.56613785 0.5664369
  0.5667547  0.56709427 0.5674557  0.56783754 0.56823725 0.56865203
  0.5690787  0.56951433 0.56995636 0.5704027  0.5708511  0.57130015
  0.57174885 0.572196   0.5726411  0.57308346 0.5735229  0.5739593
  0.5743925  0.5748225  0.57524914 0.5756727  0.57609314 0.57651055
  0.5769251  0.5773366  0.5777452  0.578151   0.578554   0.578954
  0.5793512  0.5797455  0.58013666 0.58052486 0.5809098  0.5812914
  0.5816696  0.5820443  0.58241534 0.5827825  0.5831458  0.5835049
  0.58385986 0.5842105  0.58455664 0.5848981  0.5852349  0.5855667
  0.5858935  0.58621526 0.5865319  0.58684313]]


